%YAML:1.0
CML: !!opencv-matrix
   rows: 3
   cols: 3
   dt: d
   data: [ 4.0368200671378224e+02, 0., 1.6883980098261938e+02, 0.,
       4.0428874696642680e+02, 1.2309953803692817e+02, 0., 0., 1. ]
CMR: !!opencv-matrix
   rows: 3
   cols: 3
   dt: d
   data: [ 4.0921785285052300e+02, 0., 1.7045048310827917e+02, 0.,
       4.1069370914286691e+02, 1.3738958300299876e+02, 0., 0., 1. ]
DL: !!opencv-matrix
   rows: 1
   cols: 5
   dt: d
   data: [ -1.2331825208163820e-01, -3.9263583868650150e-02,
       -1.6643459844089157e-03, 1.7822610904076171e-02,
       1.6960255122164891e+00 ]
DR: !!opencv-matrix
   rows: 1
   cols: 5
   dt: d
   data: [ -1.1367733022942388e-01, 5.8168323316072001e-01,
       8.0496974520409600e-03, -9.4844608555686681e-03,
       -1.3774539317820744e+00 ]
R: !!opencv-matrix
   rows: 3
   cols: 3
   dt: d
   data: [ 9.9896381121812883e-01, -4.2697191223116847e-02,
       1.5756069884558958e-02, 4.2896646396441869e-02,
       9.9900074171751108e-01, -1.2545747319358683e-02,
       -1.5204657328895754e-02, 1.3208630115161752e-02,
       9.9979715466988184e-01 ]
T: !!opencv-matrix
   rows: 3
   cols: 1
   dt: d
   data: [ -3.0299596769796000e-01, -8.5761303828718377e-04,
       1.1055384909719010e-02 ]
RL: !!opencv-matrix
   rows: 3
   cols: 3
   dt: d
   data: [ 9.9897125857461899e-01, -4.0324523462813643e-02,
       -2.0745056021588895e-02, 4.0198030042555496e-02,
       9.9917072676860952e-01, -6.4789774954322624e-03,
       2.0989114381976121e-02, 5.6384019176983005e-03,
       9.9976380485656458e-01 ]
RR: !!opencv-matrix
   rows: 3
   cols: 3
   dt: d
   data: [ 9.9933101909990996e-01, 2.8285502214972190e-03,
       -3.6462495366883903e-02, -2.6074895128029539e-03,
       9.9997794143938012e-01, 6.1088160145857705e-03,
       3.6478970149610671e-02, -6.0096537590700431e-03,
       9.9931635071108493e-01 ]
PL: !!opencv-matrix
   rows: 3
   cols: 4
   dt: d
   data: [ 3.9208773934432952e+02, 0., 1.8303631019592285e+02, 0., 0.,
       3.9208773934432952e+02, 1.3089931392669678e+02, 0., 0., 0., 1.,
       0. ]
PR: !!opencv-matrix
   rows: 3
   cols: 4
   dt: d
   data: [ 3.9208773934432952e+02, 0., 1.8303631019592285e+02,
       -1.1888053281098372e+02, 0., 3.9208773934432952e+02,
       1.3089931392669678e+02, 0., 0., 0., 1., 0. ]
