%YAML:1.0
CML: !!opencv-matrix
   rows: 3
   cols: 3
   dt: d
   data: [ 4.6899229932071967e+02, 0., 1.6152632468322625e+02, 0.,
       4.7647086690850483e+02, 1.2138845573346586e+02, 0., 0., 1. ]
CMR: !!opencv-matrix
   rows: 3
   cols: 3
   dt: d
   data: [ 4.0748942681783444e+02, 0., 1.7537101452824612e+02, 0.,
       4.0513574718665035e+02, 1.3142071885733597e+02, 0., 0., 1. ]
DL: !!opencv-matrix
   rows: 1
   cols: 5
   dt: d
   data: [ -4.8146235163008494e-01, 5.0023535901767624e-01,
       -4.2049071717636206e-03, 6.4646946853981813e-02,
       4.1667289555511582e+00 ]
DR: !!opencv-matrix
   rows: 1
   cols: 5
   dt: d
   data: [ -3.6708141018647625e-02, 2.8371210213980874e-01,
       2.8451188675937757e-03, 7.0417710668945789e-03,
       -7.3961214546499643e-01 ]
R: !!opencv-matrix
   rows: 3
   cols: 3
   dt: d
   data: [ 9.9910040928198596e-01, -4.0688201426092287e-02,
       -1.1951670898999513e-02, 4.0569190434323936e-02,
       9.9912631870675239e-01, -1.0036934541813822e-02,
       1.2349613762049806e-02, 9.5430357959528419e-03,
       9.9987820133640548e-01 ]
T: !!opencv-matrix
   rows: 3
   cols: 1
   dt: d
   data: [ -3.0219062506298489e-01, 7.4419787619774769e-03,
       -1.3975886773425450e-01 ]
RL: !!opencv-matrix
   rows: 3
   cols: 3
   dt: d
   data: [ 9.1086510246385599e-01, -5.5242777387240351e-02,
       4.0899022073889879e-01, 5.9095093978285433e-02,
       9.9824715396004360e-01, 3.2232713770933771e-03,
       -4.0845138631323918e-01, 2.1233350117599949e-02,
       9.1253307329738831e-01 ]
RR: !!opencv-matrix
   rows: 3
   cols: 3
   dt: d
   data: [ 9.0740530940680530e-01, -2.2346461078015106e-02,
       4.1966205467927287e-01, 1.8386527828199148e-02,
       9.9974009245310791e-01, 1.3478988696258964e-02,
       -4.1985418904038946e-01, -4.5147778616200186e-03,
       9.0758034174727331e-01 ]
PL: !!opencv-matrix
   rows: 3
   cols: 4
   dt: d
   data: [ 4.0151146655739882e+02, 0., -3.5915538072586060e+01, 0., 0.,
       4.0151146655739882e+02, 1.2309229469299316e+02, 0., 0., 0., 1.,
       0. ]
PR: !!opencv-matrix
   rows: 3
   cols: 4
   dt: d
   data: [ 4.0151146655739882e+02, 0., -3.5915538072586060e+01,
       -1.3371422868161827e+02, 0., 4.0151146655739882e+02,
       1.2309229469299316e+02, 0., 0., 0., 1., 0. ]
