%YAML:1.0
CML: !!opencv-matrix
   rows: 3
   cols: 3
   dt: d
   data: [ 4.0993980098436015e+02, 0., 1.7080179403262005e+02, 0.,
       4.0923207506522562e+02, 1.2449388183439066e+02, 0., 0., 1. ]
CMR: !!opencv-matrix
   rows: 3
   cols: 3
   dt: d
   data: [ 4.1068492622410611e+02, 0., 1.7645023567894290e+02, 0.,
       4.0956134939235795e+02, 1.3681778503427390e+02, 0., 0., 1. ]
DL: !!opencv-matrix
   rows: 1
   cols: 5
   dt: d
   data: [ -1.6202398836209203e-01, 9.9511329281010963e-01,
       1.5727128900142097e-03, 1.1141891904107205e-02,
       -2.1467636889638584e+00 ]
DR: !!opencv-matrix
   rows: 1
   cols: 5
   dt: d
   data: [ -3.7001787930672582e-02, -9.4399954048762821e-02,
       6.9213709293235630e-03, 8.8387905794479589e-05,
       9.6081466838062179e-01 ]
R: !!opencv-matrix
   rows: 3
   cols: 3
   dt: d
   data: [ 9.9984293427777493e-01, -1.7655582400194009e-02,
       -1.5450517528345284e-03, 1.7632804951608582e-02,
       9.9975083762351735e-01, -1.3687470935643594e-02,
       1.7863270550224867e-03, 1.3658077506937785e-02,
       9.9990512847693058e-01 ]
T: !!opencv-matrix
   rows: 3
   cols: 1
   dt: d
   data: [ -1.4992712282813128e-01, 8.1908153532320117e-04,
       1.0563893751908791e-04 ]
RL: !!opencv-matrix
   rows: 3
   cols: 3
   dt: d
   data: [ 9.9973017683755228e-01, -2.3126691672039120e-02,
       -2.1747764627628435e-03, 2.3111283046576198e-02,
       9.9970935011908213e-01, -6.8617694819622490e-03,
       2.3328343913768665e-03, 6.8096561432266943e-03,
       9.9997409289786776e-01 ]
RR: !!opencv-matrix
   rows: 3
   cols: 3
   dt: d
   data: [ 9.9998482884794249e-01, -5.4631149685399174e-03,
       -7.0459122313565293e-04, 5.4678040379040191e-03,
       9.9996169717810768e-01, 6.8342736030807642e-03,
       6.6722781288343802e-04, -6.8380224860116641e-03,
       9.9997639784923253e-01 ]
PL: !!opencv-matrix
   rows: 3
   cols: 4
   dt: d
   data: [ 3.9339519440661468e+02, 0., 1.7485229492187500e+02, 0., 0.,
       3.9339519440661468e+02, 1.3105899524688721e+02, 0., 0., 0., 1.,
       0. ]
PR: !!opencv-matrix
   rows: 3
   cols: 4
   dt: d
   data: [ 3.9339519440661468e+02, 0., 1.7485229492187500e+02,
       -5.8981504449169684e+01, 0., 3.9339519440661468e+02,
       1.3105899524688721e+02, 0., 0., 0., 1., 0. ]
