%YAML:1.0
CML: !!opencv-matrix
   rows: 3
   cols: 3
   dt: d
   data: [ 4.1299657110457866e+02, 0., 1.6780725070483294e+02, 0.,
       4.1144501920360295e+02, 1.1553345147277658e+02, 0., 0., 1. ]
CMR: !!opencv-matrix
   rows: 3
   cols: 3
   dt: d
   data: [ 4.1138352782156295e+02, 0., 1.7365288788049506e+02, 0.,
       4.0957786463319275e+02, 1.3225293431756307e+02, 0., 0., 1. ]
DL: !!opencv-matrix
   rows: 1
   cols: 5
   dt: d
   data: [ -7.0983582415948820e-02, -2.6970005649228418e-01,
       -3.4007785460684974e-03, 6.0372447788431391e-03,
       6.9264966718876977e+00 ]
DR: !!opencv-matrix
   rows: 1
   cols: 5
   dt: d
   data: [ 8.9448807501982999e-03, 5.8304697441990121e-02,
       6.2814898547955663e-03, 6.6608430839517705e-03,
       -2.8496596011995873e-01 ]
R: !!opencv-matrix
   rows: 3
   cols: 3
   dt: d
   data: [ 9.9988012099857293e-01, -1.5475607651024782e-02,
       4.9919906913716016e-04, 1.5482675063587432e-02,
       9.9966003045368423e-01, -2.0978805643182684e-02,
       -1.7436959153510739e-04, 2.0984019661890542e-02,
       9.9977979601213929e-01 ]
T: !!opencv-matrix
   rows: 3
   cols: 1
   dt: d
   data: [ -1.5030329592362709e-01, -3.0913026967847293e-04,
       -2.9620239534414944e-03 ]
RL: !!opencv-matrix
   rows: 3
   cols: 3
   dt: d
   data: [ 9.9971230625575780e-01, -1.3003513066649748e-02,
       2.0154735640029574e-02, 1.3215790059058829e-02,
       9.9985821474659609e-01, -1.0435195104293457e-02,
       -2.0016183799837838e-02, 1.0698553718856463e-02,
       9.9974241349180337e-01 ]
RR: !!opencv-matrix
   rows: 3
   cols: 3
   dt: d
   data: [ 9.9980376023434414e-01, 2.0563062448335609e-03,
       1.9703112086508701e-02, -2.2644169144111852e-03,
       9.9994182711608326e-01, 1.0545842772713462e-02,
       -1.9680280417305924e-02, -1.0588389319274331e-02,
       9.9975025510090254e-01 ]
PL: !!opencv-matrix
   rows: 3
   cols: 4
   dt: d
   data: [ 4.0454411345893311e+02, 0., 1.6177122879028320e+02, 0., 0.,
       4.0454411345893311e+02, 1.2440401840209961e+02, 0., 0., 0., 1.,
       0. ]
PR: !!opencv-matrix
   rows: 3
   cols: 4
   dt: d
   data: [ 4.0454411345893311e+02, 0., 1.6177122879028320e+02,
       -6.0816248165667496e+01, 0., 4.0454411345893311e+02,
       1.2440401840209961e+02, 0., 0., 0., 1., 0. ]
